=== jstat -gcutil samples ===
  S0     S1     E      O      M     CCS    YGC     YGCT     FGC    FGCT     CGC    CGCT       GCT   
     -      -   0.00 100.00  98.15  91.76  58027    71.847 114876 491204.633   242     0.342 491276.821
     -      -   0.00 100.00  98.15  91.76  58027    71.847 114876 491204.633   242     0.342 491276.821
     -      -   0.00 100.00  98.15  91.76  58027    71.847 114876 491204.633   242     0.342 491276.821
     -      -   0.00 100.00  98.15  91.76  58027    71.847 114876 491204.633   242     0.342 491276.821
     -      -   0.00 100.00  98.15  91.76  58027    71.847 114877 491208.589   242     0.342 491280.777
     -      -   0.00 100.00  98.15  91.76  58027    71.847 114877 491208.589   242     0.342 491280.777
     -      -   0.00 100.00  98.15  91.76  58027    71.847 114877 491208.589   242     0.342 491280.777
     -      -   0.00 100.00  98.15  91.76  58027    71.847 114877 491208.589   242     0.342 491280.777
     -      -   0.00 100.00  98.15  91.76  58027    71.847 114877 491208.589   242     0.342 491280.777
     -      -   0.00 100.00  98.15  91.76  58028    71.850 114878 491213.684   242     0.342 491285.875
